.Random.seed <-
c(403L, 10L, 2110706770L, 1820288740L, -1620827865L, 1659588989L, 
503388276L, 1429740122L, -430442843L, 468067519L, 972339014L, 
-469748272L, -1890981901L, -1607459055L, 197091136L, 936437534L, 
958273513L, 707460379L, -20834518L, -208705460L, 546562063L, 
-193877179L, -184713988L, 991546194L, -731460403L, 2053139591L, 
-1765509266L, 1633831240L, 1998744907L, 964489385L, -1719225864L, 
618021158L, -1527799231L, -2030187565L, -1880196734L, -68825676L, 
1204558135L, 1956006957L, 923547972L, -936546710L, 248760533L, 
-356424081L, -416287882L, -158325600L, 1209351523L, 1183272449L, 
239013232L, -1485566706L, -272740487L, 1102376715L, -491851718L, 
-551682244L, -1481802625L, -1343549483L, -494591508L, 388748098L, 
1637579933L, 303514903L, 1031322750L, 2137314360L, 1839952667L, 
641316985L, 947495112L, -610965258L, 53623089L, -1548119709L, 
-25328846L, -1019622268L, -990168889L, -68967523L, -1036335340L, 
-1195409990L, -1011540987L, -1368952353L, 6403174L, -921414672L, 
-1243337453L, 1845744305L, 1583431008L, -1425509634L, 845426313L, 
1216567739L, 544539530L, 185363052L, -204233745L, -364606427L, 
-1655417636L, -575493454L, 1698401709L, -291810969L, 1816718990L, 
550385512L, -560025749L, 92223753L, 2035494808L, 199268038L, 
-1668324319L, 1828876467L, 2077501986L, 1661168660L, 886915223L, 
-169184627L, -1132911708L, 1957207434L, -694547979L, 435463247L, 
-1138916522L, -1353614848L, 1910838083L, -605801759L, -1247420336L, 
-680427346L, -2058292135L, -602291093L, -2017293862L, -1743580516L, 
-1301369697L, -1114251531L, 901751692L, -816532894L, -1106229699L, 
-1376229193L, -691906722L, 1851497112L, -264582661L, -132680807L, 
-1959965656L, -239289130L, -1121719983L, -1742764029L, 1421184914L, 
1247419684L, -1012517913L, -2024323011L, -718195020L, 1959189786L, 
2074259045L, -1203739905L, -1052379258L, 1510377744L, -528336461L, 
1653072465L, 1691038208L, 1626484446L, -1009031895L, 195717339L, 
-170479638L, -1642393716L, -979009329L, 111149189L, -984202436L, 
-509494766L, -353857267L, 200727111L, -946683858L, -129239672L, 
-1029174133L, 27813481L, -1064322504L, -385651994L, -33323391L, 
408013331L, -400642622L, 1176970868L, -1216726921L, 694614381L, 
-551961084L, 1132965162L, -192296299L, -1833451217L, 547836982L, 
-1524322208L, -1356163421L, 813109697L, 345894320L, 2102322382L, 
1557615161L, 83453003L, -2112887302L, 747954428L, 1673442623L, 
-969307627L, -1114062548L, -2065059326L, 642285789L, 17978327L, 
-1878774082L, -1489463048L, 562357979L, 1745558841L, -476272504L, 
356184118L, -1802664847L, 2098900643L, -1478163470L, -1310935228L, 
-1568671737L, 1536775645L, 460411604L, 2012192250L, 1825608005L, 
969569695L, 545376038L, 1092044720L, -2050546605L, -980787343L, 
-45738336L, -760808898L, -850423479L, 2076733435L, 1224946634L, 
1634422060L, 1824522543L, -107712539L, -304320868L, 1393605362L, 
939277165L, 708625575L, 1186602702L, 1103336488L, 836380715L, 
350186057L, -1914600616L, 1072434694L, 185735137L, -1947785869L, 
1931922914L, 1639563604L, -686428073L, -1367669200L, 907433892L, 
1754276280L, 124238682L, -454306672L, 768613244L, 631414548L, 
19275074L, -937341184L, -629384260L, 535478096L, -1044127454L, 
-2134259128L, 722950156L, -810595236L, 1047171538L, 1311569408L, 
-1576930988L, -543850264L, -19287814L, 1076897488L, 608618796L, 
2044532980L, 248409490L, 1236609376L, 787752972L, -779449632L, 
1446478434L, 662977192L, 655440460L, 512436092L, -1799623374L, 
266421872L, -2023376060L, -249706536L, 1030782842L, -1085469136L, 
-1822574660L, -643877292L, -1714591678L, 900456608L, -1333809476L, 
-1863546416L, 1226949474L, -574127384L, -745226036L, 646930940L, 
138152434L, 116578944L, -572410380L, 3786376L, -162808006L, 605373264L, 
895013996L, -1942234732L, 463250514L, -993465888L, 59882700L, 
-613503840L, 62354818L, -2135252760L, -1030988052L, -1926025924L, 
-1219249038L, 2006302832L, -1490659292L, 1099279416L, -713902310L, 
663567568L, -542869700L, 537630612L, -296121470L, -957664832L, 
-1000264132L, 279545232L, 1945003554L, -1183736568L, -371308916L, 
-238069988L, 1730683026L, -472012416L, 90947092L, 1237069608L, 
-107720134L, 1408538064L, -322123412L, -1928002636L, -452098030L, 
-15970848L, 1330872268L, 567369952L, 225703970L, -1184153304L, 
238935564L, 841506620L, 1617705970L, -994506000L, 1420944964L, 
-660921768L, -1221329094L, 1198413296L, 1136266940L, 1360861460L, 
1032870594L, 1632423008L, -1565838468L, -666269744L, -160349918L, 
1744620200L, -1742572660L, 552347836L, -1372723406L, 1647241792L, 
-1389484876L, 411728456L, -971932230L, -1536697840L, -33969428L, 
1349593428L, -1306361582L, 1174773152L, 1881250508L, 859373152L, 
-1836695614L, 296763176L, -1945956436L, 1177727804L, -1841231502L, 
-703833296L, 1509901604L, 1651637048L, -614672678L, 1736408976L, 
1212526332L, -190422124L, -1077249982L, 1073562880L, 544171068L, 
746627408L, 669919394L, -2110039736L, 1509173004L, 1492407004L, 
151293266L, 31513728L, -1326227372L, 1359656936L, 2141716730L, 
1337142096L, -1014325460L, 21944692L, 2056440722L, 1833265248L, 
-834902644L, 464665440L, 121637346L, 1557228456L, -1552999220L, 
907016188L, 941032882L, 1911975408L, 205839300L, 1305910616L, 
471183738L, 906095536L, 2099118524L, 1995024468L, -2062708798L, 
-1131423712L, -543893316L, 726729296L, 1648471010L, -620984216L, 
165059660L, -781780740L, 1549720562L, 1506720000L, 1145135476L, 
-157113336L, -593526854L, 1665913296L, -1764934676L, -1821263468L, 
1881932242L, 572158304L, -38178996L, -204003040L, 1423259522L, 
1247457000L, 515203308L, 1353262140L, 346659698L, 1256392304L, 
-712586204L, 1265623864L, 734387354L, -1272943920L, 762224828L, 
-1288126828L, 1892413058L, -540026688L, 1840184124L, 1729399952L, 
-482206174L, 1598955528L, -1643002612L, 1751254172L, 1247993362L, 
-223752320L, 1729832468L, -1117322712L, -314970822L, 1436729808L, 
970325100L, -1512498892L, 1011445394L, -1080011936L, 575054668L, 
-1003227168L, 115414946L, 1387526056L, 154733964L, -279875396L, 
-859270798L, -881439504L, 1045237828L, 1487173976L, -93821881L, 
-1629355216L, 737543246L, -1866405765L, -243258403L, -1771572726L, 
30635816L, -133125743L, -204787837L, 23856260L, 1038410418L, 
116192775L, -1853196719L, -839119402L, -292921164L, -1114202939L, 
1330339343L, 1888491144L, -1246962778L, 1930302291L, 1579564213L, 
-1407108590L, 430987232L, -2073654711L, 996163707L, -1012264628L, 
-966638374L, -1994447665L, 952922265L, -1128174418L, 789961148L, 
62054957L, 1107465687L, 1522269216L, -1284923010L, -1553305781L, 
-1035438771L, 1785936762L, -1302602312L, 944914273L, 1170405139L, 
460853044L, -1146790590L, -1370107561L, -1657185119L, 288802150L, 
1859168100L, -915732843L, 668188607L, 1539851096L, 613745014L, 
62980995L, 792650181L, -409491742L, -1709316272L, -301981063L, 
-190446165L, -846787812L, -887595958L, -1327822785L, -1640867703L, 
992492702L, -1896470196L, 1681207581L, 109845671L, 1089285072L, 
2001884014L, 775868955L, 576140157L, 347836778L, 580210696L, 
1203108017L, -1879353565L, 592933924L, 633087698L, -1811496153L, 
-384203407L, 1975798710L, -264016044L, -1437849115L, -1174727697L, 
-24452312L, 234333062L, 1942921139L, 892786453L, 477888882L, 
-225901120L, 515651113L, -35960165L, -1353256084L, 2046430074L, 
-290540369L, -1911095367L, -941975090L, 1157283100L, -2028062579L, 
-206015241L, -1876553728L, -1926770082L, 1589234987L, 2090593837L, 
-1600383334L, 267805272L, -675775039L, 299926131L, 1940389780L, 
-1168880094L, 813166903L, 855089153L, 1478311174L, 687515972L, 
397606005L, 1525501407L, 2146031928L, 1372312342L, 2006297379L, 
-612228891L, 1999404290L, 499879792L, 1948315417L, 31205131L, 
-72809476L, 260751402L, 1839279199L, 855811049L, 582348030L, 
654714092L, 1374328893L, -387257337L, -843941904L, 138331022L, 
575914427L, 370933661L, -1186648758L, -1741593240L, 1099279185L, 
133531715L, -405008060L, 1200548338L, -2111505465L, -397439599L, 
-1010114282L, 362738036L, -1672435707L, 1856303183L, 1431745608L, 
1488038374L, -1882491117L, 1678893173L, 441492050L, 1713423520L, 
