.Random.seed <-
c(403L, 10L, -2051230360L, 1785513110L, 1922089489L, 1435941827L, 
655550418L, 1100534372L, -454495833L, -1649291523L, 824392436L, 
568544730L, 189448485L, -397551553L, 1794512838L, -1615205296L, 
1918206067L, -2099161967L, -1601133376L, 653125278L, -1858692503L, 
1244633755L, -116156502L, 1545536460L, 1437376143L, 1328053957L, 
1949496956L, 1639652050L, -1055723955L, 667255559L, -599218450L, 
1452819400L, 17921227L, -484233943L, 1274944888L, -1242897754L, 
-1986165567L, 1637635411L, -178728446L, 1280445236L, -1372034889L, 
761819309L, -631673404L, 1939283434L, 159302229L, 1286482927L, 
2026458102L, -1396286176L, 72889059L, -962616447L, -1461078544L, 
594627726L, 1484125177L, -1043623541L, 1343557050L, 456725692L, 
205785087L, -577149611L, 1628239468L, 1092141762L, -1893645027L, 
549125015L, -383013122L, -558953288L, -1709220197L, -1492251399L, 
255454792L, 248154486L, -1369542479L, 1971070179L, -117838L, 
-669070332L, -1263120569L, 1624802845L, -1915609964L, -545731526L, 
-806558075L, 897521503L, 1279522790L, 735820400L, 1129844115L, 
-31622607L, -1490044704L, 1019007358L, -156888055L, -1890184133L, 
1258617354L, -1704787476L, 806082159L, -776644187L, 1831559516L, 
1959525682L, -505682899L, -179905817L, -945647602L, 1184571880L, 
-678042645L, -785646455L, -742741992L, -246638778L, -637647455L, 
99114035L, -1406324318L, 41641108L, -1899457769L, -825975539L, 
1302567972L, -1408259062L, 1684705653L, -600889137L, -1776317482L, 
1228735360L, -2042046525L, 1754268001L, -763115568L, 1527009070L, 
239006425L, 1839878379L, -1823325862L, -1373033700L, 1082433055L, 
1932191349L, 2087686924L, 959418082L, 185672637L, 1291080759L, 
263878366L, -1130446312L, -1265070725L, 1978156313L, -1849243224L, 
476626262L, 1231470033L, -1249987197L, 1291889682L, -1456502876L, 
-2136932505L, -2105492291L, -1881269196L, 1349906330L, -496538651L, 
-837425281L, -1034692858L, -451714928L, 1260157235L, -415265071L, 
1930771584L, 1273703774L, -663739735L, -940429989L, -406720662L, 
-3693044L, 708177487L, 1736418053L, 1747186620L, 326010514L, 
111363469L, 1379390919L, 2091837102L, 1554042632L, -1495921397L, 
196848617L, -7942984L, -1569010842L, 390045697L, 1050242707L, 
18133314L, -1679188236L, -1474090249L, 502323949L, -1592568444L, 
-1123361878L, 378388757L, -1940714577L, -1589300298L, 453904864L, 
1227368739L, 1985199681L, -1586024144L, 517923662L, -847214151L, 
-1065978933L, 980904058L, -745580164L, -296760897L, 139372181L, 
837156012L, 1308239490L, -655233443L, -521531049L, 1885748286L, 
-1648078728L, 717413211L, 1818748601L, -1834378488L, -1008504394L, 
-1277743375L, -1523922653L, 1972812658L, -1278021180L, -1358222969L, 
1453306717L, -438649516L, -1189875846L, -262873403L, -86028257L, 
471103398L, 1487481136L, -1030749229L, -2087929359L, 2019335968L, 
-1361077826L, 481528265L, 1234333051L, -537199798L, -2034242644L, 
-1296248145L, -1426337691L, -679059428L, 656207474L, 1738756333L, 
640311591L, 1885695310L, 716021160L, -926766677L, -524246327L, 
972735192L, 480456582L, 1094361697L, 1429265448L, 1382161068L, 
-386755396L, 1163289074L, -1313971920L, 1909906596L, 165793464L, 
-721638054L, -1400582768L, 1331641212L, -1479212780L, -1547840702L, 
-1196086528L, -1307830340L, -1087600816L, -1618611422L, 1950971208L, 
891159052L, 155539548L, 766833874L, 1782653440L, 2110641492L, 
-1376280088L, 851872762L, -583544624L, 1615056172L, 388006644L, 
1820307858L, 234947680L, 901975308L, -1711553824L, -1603448478L, 
-1937573208L, -682630580L, 1887611260L, 584441138L, 174080112L, 
1689132868L, 73848280L, 623058042L, 1721093680L, 901714620L, 
-1773676716L, 1839379522L, -618308192L, -2133751108L, -1040838192L, 
-62106270L, 1741176808L, 850853836L, -717510916L, -41469454L, 
-545804160L, 2025741556L, -1895547256L, -651874502L, -1661306032L, 
126312044L, 324712596L, 622995794L, 1627051744L, -923395380L, 
1123627168L, -344941694L, -793062680L, 1856762604L, 732302396L, 
117074546L, 99468400L, -561037788L, 1945402424L, 757303322L, 
1797077712L, -747779012L, 724763796L, 1913609346L, -504840256L, 
1480012092L, -124069232L, -181754846L, 238142472L, 174786700L, 
359822364L, -446566766L, -1287977856L, -319123436L, -27779800L, 
-2070647238L, -416789296L, 5653612L, 1724277428L, -1807593454L, 
1745655776L, 2003081164L, 850787808L, -1117604318L, 1888772392L, 
-1883449076L, 1749321276L, 1609265394L, 1605640944L, 1560331076L, 
1922749016L, -1217603014L, -364970256L, -408886084L, -1213835756L, 
-1928841022L, 1194506336L, 2015171964L, 1369003216L, 936139810L, 
561865384L, 550770572L, -2050002500L, 558052402L, 1602697024L, 
-497248076L, -1316730040L, 306404026L, -126445808L, 1529913580L, 
-2075851692L, 2147290898L, -1510925408L, -1582960692L, 2048609120L, 
328388802L, 393176616L, 1033225644L, -1065967812L, -2144168078L, 
-89707728L, -1458916828L, 782964792L, -1843419942L, 719088016L, 
911673084L, 1113247636L, -668398782L, 1214128640L, -1601365444L, 
-723894704L, -919405918L, -1371628728L, 615907852L, 421567708L, 
-1038169518L, 1404053632L, -213906604L, -1426712088L, 1721662202L, 
-1563965616L, 673283116L, -701594252L, 75798162L, -286561696L, 
1750577804L, 114133856L, 1868944098L, 1842938024L, -514969396L, 
-202884612L, 2004115378L, -141818384L, -250411580L, 244592472L, 
601578362L, 2014942640L, -275695172L, -52406188L, -118559806L, 
949142304L, 1381875644L, -24696240L, 574922210L, 1585860968L, 
687127884L, 1883068668L, -1128729870L, -1940289792L, -944494988L, 
1332172808L, 1016801722L, -1634383920L, 1336293868L, 825401236L, 
-1914416430L, -1204789664L, -773524148L, -260995808L, 455545474L, 
872724968L, -1314805780L, 270378556L, -950493582L, -1748106384L, 
-340448988L, 1544524344L, 84291994L, 2089474512L, -1487544900L, 
1758255252L, -362103678L, -833374784L, 310567740L, 868734096L, 
-674639070L, -1920831992L, -465797876L, -361359972L, 378035730L, 
1995623296L, -264060140L, 657887528L, -1268052934L, 2132712400L, 
678654572L, -1648334284L, 2064398994L, -814121632L, 17774924L, 
1229686752L, -1280399966L, -1944769112L, 141567628L, -179327556L, 
441928105L, -1520308418L, -1641383380L, -2110093187L, -1180992825L, 
-2009627728L, 632034766L, 1141352187L, -122299043L, -1348053366L, 
-339233624L, 1766289425L, -1345232637L, 1980812292L, -1055308750L, 
1238772871L, 1410500817L, -13276586L, 2004742708L, -1428948667L, 
589226895L, -992729336L, -1119760090L, -43060781L, -1993319627L, 
-2126390638L, 88735328L, -485013559L, 456177403L, -1649190708L, 
-1083551398L, 598236239L, -338030311L, 1067117358L, 1513846076L, 
-124128595L, 1932135767L, -1908970336L, 834144766L, -320760629L, 
1236173517L, -824844806L, -558649800L, -1141787679L, -1222992749L, 
1959360180L, -146936894L, 1381552087L, 1574428705L, -1575868442L, 
-60710172L, 401470997L, -1158050241L, -1419764264L, -984046602L, 
495590403L, -666390715L, -1655501982L, 1715180752L, -428244999L, 
1588405035L, 1212713116L, 1003701962L, 1461067711L, -1771533559L, 
-918543330L, 1708174796L, -1562769507L, 801690151L, 1068220496L, 
970017006L, -864348773L, 1023253501L, 1649944298L, 462295432L, 
-576733391L, -431263837L, -2128975964L, -909618606L, 350833063L, 
1707089393L, -1042970314L, 952058324L, 851339109L, -1168943249L, 
1565489576L, -388612346L, 874998323L, -1887602539L, -847664910L, 
1504956736L, 1913822889L, 1587562267L, -241749780L, 1190939898L, 
712058159L, 550207801L, 227287886L, 440383900L, -395390195L, 
463820151L, -1734483584L, 1020671966L, 1856368811L, -535563347L, 
1136015386L, -553722152L, 933457729L, 1131335667L, -2036035052L, 
300694434L, -354294601L, 438341249L, -2105436538L, -1288614204L, 
-905809931L, 784152159L, 1710510264L, -722291306L, -1051543645L, 
-2052113563L, -2084693374L, -1781131280L, -123752039L, -1374855285L, 
1410243196L, 796919978L, -1190466849L, 2078414953L, -26930562L, 
-582669716L, 785868477L, -319005817L, 212569968L, 1395324430L, 
1129147195L, 586217501L, -805437238L, 1290279912L, 1868286161L, 
1802212547L, 1519119300L, -1740992398L, 920609095L, -1647407855L, 
-486287210L, 1064943092L, 1176563589L, 754937551L, 353692616L, 
